18 17 16 16 15 15 14 13 13 13 12 12 12 12 12 12 12 
17 17 16 15 14 14 13 13 12 12 11 11 11 11 11 11 11 
17 16 15 14 14 13 12 12 11 11 10 10 10 10 10 10 10 
16 15 15 14 13 12 12 11 10 10 9  9  9  9  9  9  9  
16 15 14 13 12 12 11 10 10 9  8  8  8  8  8  8  8  
15 14 13 13 12 11 10 9  9  8  8  7  7  7  7  7  7  
15 14 13 12 11 10 10 9  8  7  7  6  6  6  6  6  6  
14 13 13 12 11 10 9  8  7  7  6  5  5  5  5  5  5  
14 13 -2 11 10 9  8  8  7  6  5  5  4  4  4  4  4  
14 13 12 11 10 9  8  7  6  5  5  4  3  3  3  3  3  
14 13 12 11 10 9  8  7  6  5  4  3  2  2  2  2  2  
14 13 12 11 10 9  8  7  6  5  4  3  2  1  1  1  2  
14 13 12 11 10 9  8  7  6  5  4  3  2  1  -1 1  2  
14 13 12 11 10 9  8  7  6  5  4  3  2  1  1  1  2  
14 13 12 11 10 9  8  7  6  5  4  3  2  2  2  2  2  

p1
18 17 16 16 15 15 14 13 13 13 12 12 12 12 12 12 12 
17 17 16 15 14 14 13 13 12 12 11 11 11 11 11 11 11 
17 16 15 14 14 13 12 12 11 11 10 10 10 10 10 10 10 
16 15 15 14 13 12 12 11 10 10 9  9  9  9  9  9  9  
16 15 14 13 12 12 11 10 10 9  8  8  8  8  8  8  8  
15 14 13 13 12 11 10 9  9  8  8  7  7  7  7  7  7  
15 14 13 12 11 10 10 9  8  7  7  6  6  6  6  6  6  
14 13 13 12 -2 10 9  8  7  7  6  5  5  5  5  5  5  
14 13 -2 -2 -2 9  8  8  7  6  5  5  4  4  4  4  4  
14 13 12 11 10 9  8  7  6  5  5  4  3  3  3  3  3  
14 13 12 11 10 9  8  7  6  5  4  3  2  2  2  2  2  
14 13 12 11 10 9  8  7  6  5  4  3  2  1  1  1  2  
14 13 12 11 10 9  8  7  6  5  4  3  2  1  -1 1  2  
14 13 12 11 10 9  8  7  6  5  4  3  2  1  1  1  2  
14 13 12 11 10 9  8  7  6  5  4  3  2  2  2  2  2  

p1
18 17 16 16 15 15 14 13 13 13 12 12 12 12 12 12 12 
17 17 16 15 14 14 13 13 12 12 11 11 11 11 11 11 11 
17 16 15 14 14 13 12 12 11 11 10 10 10 10 10 10 10 
16 15 15 14 13 12 12 11 10 10 9  9  9  9  9  9  9  
16 15 14 13 12 12 11 10 10 9  8  8  8  8  8  8  8  
15 14 13 13 12 11 10 9  9  8  8  7  7  7  7  7  7  
15 14 13 12 11 10 10 9  8  7  7  6  6  6  6  6  6  
14 13 13 12 -2 10 9  8  7  7  6  5  5  5  5  5  5  
14 13 -2 -2 -2 9  8  8  7  6  5  5  4  4  4  4  4  
14 13 12 11 -2 9  8  7  6  5  5  4  3  3  3  3  3  
14 13 12 11 10 9  8  7  6  5  4  3  2  2  2  2  2  
14 13 12 11 10 9  8  7  6  5  4  3  2  1  1  1  2  
14 13 12 11 10 9  8  7  6  5  4  3  2  1  -1 1  2  
14 13 12 11 10 9  8  7  6  5  4  3  2  1  1  1  2  
14 13 12 11 10 9  8  7  6  5  4  3  2  2  2  2  2  

p1
18 17 16 16 15 15 14 13 13 13 12 12 12 12 12 12 12 
17 17 16 15 14 14 13 13 12 12 11 11 11 11 11 11 11 
17 16 15 14 14 13 12 12 11 11 10 10 10 10 10 10 10 
16 15 15 14 13 12 12 11 10 10 9  9  9  9  9  9  9  
16 15 14 13 12 12 11 10 10 9  8  8  8  8  8  8  8  
15 14 13 13 12 11 10 9  9  8  8  7  7  7  7  7  7  
15 14 13 12 11 10 10 9  8  7  7  6  6  6  6  6  6  
14 13 13 12 -2 10 9  8  7  7  6  5  5  5  5  5  5  
14 13 -2 -2 -2 -2 -2 8  7  6  5  5  4  4  4  4  4  
14 13 12 11 -2 -2 -2 7  6  5  5  4  3  3  3  3  3  
14 13 12 11 10 9  8  7  6  5  4  3  2  2  2  2  2  
14 13 12 11 10 9  8  7  6  5  4  3  2  1  1  1  2  
14 13 12 11 10 9  8  7  6  5  4  3  2  1  -1 1  2  
14 13 12 11 10 9  8  7  6  5  4  3  2  1  1  1  2  
14 13 12 11 10 9  8  7  6  5  4  3  2  2  2  2  2  

p1
18 17 16 16 15 15 14 13 13 13 12 12 12 12 12 12 12 
17 17 16 15 14 14 13 13 12 12 11 11 11 11 11 11 11 
17 16 15 14 14 13 12 12 11 11 10 10 10 10 10 10 10 
16 15 15 14 13 12 12 11 10 10 9  9  9  9  9  9  9  
16 15 14 13 12 12 11 10 10 9  8  8  8  8  8  8  8  
15 14 13 13 12 11 10 9  9  8  8  7  7  7  7  7  7  
15 14 13 12 11 10 10 9  8  7  7  6  6  6  6  6  6  
14 13 13 12 -2 10 9  8  7  7  6  5  5  5  5  5  5  
14 13 -2 -2 -2 -2 -2 8  7  6  5  5  4  4  4  4  4  
14 13 12 11 -2 -2 -2 7  6  5  5  4  3  3  3  3  3  
14 13 12 11 10 9  -2 7  6  5  4  3  2  2  2  2  2  
14 13 12 11 10 9  8  7  6  5  4  3  2  1  1  1  2  
14 13 12 11 10 9  8  7  6  5  4  3  2  1  -1 1  2  
14 13 12 11 10 9  8  7  6  5  4  3  2  1  1  1  2  
14 13 12 11 10 9  8  7  6  5  4  3  2  2  2  2  2  

p1
18 17 16 16 15 15 14 13 13 13 12 12 12 12 12 12 12 
17 17 16 15 14 14 13 13 12 12 11 11 11 11 11 11 11 
17 16 15 14 14 13 12 12 11 11 10 10 10 10 10 10 10 
16 15 15 14 13 12 12 11 10 10 9  9  9  9  9  9  9  
16 15 14 13 12 12 11 10 10 9  8  8  8  8  8  8  8  
15 14 13 13 12 11 10 9  9  8  8  7  7  7  7  7  7  
15 14 13 12 11 10 10 9  8  7  7  6  6  6  6  6  6  
14 13 13 12 -2 10 9  8  7  7  6  5  5  5  5  5  5  
14 13 -2 -2 -2 -2 -2 8  7  6  5  5  4  4  4  4  4  
14 13 12 11 -2 -2 -2 7  6  5  5  4  3  3  3  3  3  
14 13 12 11 10 9  -2 -2 6  5  4  3  2  2  2  2  2  
14 13 12 11 10 9  8  7  6  5  4  3  2  1  1  1  2  
14 13 12 11 10 9  8  7  6  5  4  3  2  1  -1 1  2  
14 13 12 11 10 9  8  7  6  5  4  3  2  1  1  1  2  
14 13 12 11 10 9  8  7  6  5  4  3  2  2  2  2  2  

p1
18 17 16 16 15 15 14 13 13 13 12 12 12 12 12 12 12 
17 17 16 15 14 14 13 13 12 12 11 11 11 11 11 11 11 
17 16 15 14 14 13 12 12 11 11 10 10 10 10 10 10 10 
16 15 15 14 13 12 12 11 10 10 9  9  9  9  9  9  9  
16 15 14 13 12 12 11 10 10 9  8  8  8  8  8  8  8  
15 14 13 13 12 11 10 9  9  8  8  7  7  7  7  7  7  
15 14 13 12 11 10 10 9  8  7  7  6  6  6  6  6  6  
14 13 13 12 -2 10 9  8  7  7  6  5  5  5  5  5  5  
14 13 -2 -2 -2 -2 -2 8  7  6  5  5  4  4  4  4  4  
14 13 12 11 -2 -2 -2 7  6  5  5  4  3  3  3  3  3  
14 13 12 11 10 9  -2 -2 -2 5  4  3  2  2  2  2  2  
14 13 12 11 10 9  8  7  6  5  4  3  2  1  1  1  2  
14 13 12 11 10 9  8  7  6  5  4  3  2  1  -1 1  2  
14 13 12 11 10 9  8  7  6  5  4  3  2  1  1  1  2  
14 13 12 11 10 9  8  7  6  5  4  3  2  2  2  2  2  

p1
18 17 16 16 15 15 14 13 13 13 12 12 12 12 12 12 12 
17 17 16 15 14 14 13 13 12 12 11 11 11 11 11 11 11 
17 16 15 14 14 13 12 12 11 11 10 10 10 10 10 10 10 
16 15 15 14 13 12 12 11 10 10 9  9  9  9  9  9  9  
16 15 14 13 12 12 11 10 10 9  8  8  8  8  8  8  8  
15 14 13 13 12 11 10 9  9  8  8  7  7  7  7  7  7  
15 14 13 12 11 10 10 9  8  7  7  6  6  6  6  6  6  
14 13 13 12 -2 10 9  8  7  7  6  5  5  5  5  5  5  
14 13 -2 -2 -2 -2 -2 8  7  6  5  5  4  4  4  4  4  
14 13 12 11 -2 -2 -2 7  6  5  5  4  3  3  3  3  3  
14 13 12 11 10 9  -2 -2 -2 -2 4  3  2  2  2  2  2  
14 13 12 11 10 9  8  7  6  5  4  3  2  1  1  1  2  
14 13 12 11 10 9  8  7  6  5  4  3  2  1  -1 1  2  
14 13 12 11 10 9  8  7  6  5  4  3  2  1  1  1  2  
14 13 12 11 10 9  8  7  6  5  4  3  2  2  2  2  2  

p1
18 17 16 16 15 15 14 13 13 13 12 12 12 12 12 12 12 
17 17 16 15 14 14 13 13 12 12 11 11 11 11 11 11 11 
17 16 15 14 14 13 12 12 11 11 10 10 10 10 10 10 10 
16 15 15 14 13 12 12 11 10 10 9  9  9  9  9  9  9  
16 15 14 13 12 12 11 10 10 9  8  8  8  8  8  8  8  
15 14 13 13 12 11 10 9  9  8  8  7  7  7  7  7  7  
15 14 13 12 11 10 10 9  8  7  7  6  6  6  6  6  6  
14 13 13 12 -2 10 9  8  7  7  6  5  5  5  5  5  5  
14 13 -2 -2 -2 -2 -2 8  7  6  5  5  4  4  4  4  4  
14 13 12 11 -2 -2 -2 7  6  -2 5  4  3  3  3  3  3  
14 13 12 11 10 9  -2 -2 -2 -2 4  3  2  2  2  2  2  
14 13 12 11 10 9  8  7  6  5  4  3  2  1  1  1  2  
14 13 12 11 10 9  8  7  6  5  4  3  2  1  -1 1  2  
14 13 12 11 10 9  8  7  6  5  4  3  2  1  1  1  2  
14 13 12 11 10 9  8  7  6  5  4  3  2  2  2  2  2  

p1
18 17 16 16 15 15 14 13 13 13 12 12 12 12 12 12 12 
17 17 16 15 14 14 13 13 12 12 11 11 11 11 11 11 11 
17 16 15 14 14 13 12 12 11 11 10 10 10 10 10 10 10 
16 15 15 14 13 12 12 11 10 10 9  9  9  9  9  9  9  
16 15 14 13 12 12 11 10 10 9  8  8  8  8  8  8  8  
15 14 13 13 12 11 10 9  9  8  8  7  7  7  7  7  7  
15 14 13 12 11 10 10 9  8  7  7  6  6  6  6  6  6  
14 13 13 12 -2 10 9  8  7  7  6  5  5  5  5  5  5  
14 13 -2 -2 -2 -2 -2 8  7  6  5  5  4  4  4  4  4  
14 13 12 11 -2 -2 -2 7  6  -2 5  4  3  3  3  3  3  
14 13 12 11 10 9  -2 -2 -2 -2 4  3  2  2  2  2  2  
14 13 12 11 10 9  8  7  6  -2 4  3  2  1  1  1  2  
14 13 12 11 10 9  8  7  6  5  4  3  2  1  -1 1  2  
14 13 12 11 10 9  8  7  6  5  4  3  2  1  1  1  2  
14 13 12 11 10 9  8  7  6  5  4  3  2  2  2  2  2  

p1
18 17 16 16 15 15 14 13 13 13 12 12 12 12 12 12 12 
17 17 16 15 14 14 13 13 12 12 11 11 11 11 11 11 11 
17 16 15 14 14 13 12 12 11 11 10 10 10 10 10 10 10 
16 15 15 14 13 12 12 11 10 10 9  9  9  9  9  9  9  
16 15 14 13 12 12 11 10 10 9  8  8  8  8  8  8  8  
15 14 13 13 12 11 10 9  9  8  8  7  7  7  7  7  7  
15 14 13 12 11 10 10 9  8  7  7  6  6  6  6  6  6  
14 13 13 12 -2 10 9  8  7  7  6  5  5  5  5  5  5  
14 13 -2 -2 -2 -2 -2 8  7  6  5  5  4  4  4  4  4  
14 13 12 11 -2 -2 -2 7  6  -2 5  4  3  3  3  3  3  
14 13 12 11 10 9  -2 -2 -2 -2 4  3  2  2  2  2  2  
14 13 12 11 10 9  8  7  6  -2 4  3  2  1  1  1  2  
14 13 12 11 10 9  8  7  6  -2 4  3  2  1  -1 1  2  
14 13 12 11 10 9  8  7  6  5  4  3  2  1  1  1  2  
14 13 12 11 10 9  8  7  6  5  4  3  2  2  2  2  2  

p1
18 17 16 16 15 15 14 13 13 13 12 12 12 12 12 12 12 
17 17 16 15 14 14 13 13 12 12 11 11 11 11 11 11 11 
17 16 15 14 14 13 12 12 11 11 10 10 10 10 10 10 10 
16 15 15 14 13 12 12 11 10 10 9  9  9  9  9  9  9  
16 15 14 13 12 12 11 10 10 9  8  8  8  8  8  8  8  
15 14 13 13 12 11 10 9  9  8  8  7  7  7  7  7  7  
15 14 13 12 11 10 10 9  8  7  7  6  6  6  6  6  6  
14 13 13 12 -2 10 9  8  7  7  6  5  5  5  5  5  5  
14 13 -2 -2 -2 -2 -2 8  7  6  5  5  4  4  4  4  4  
14 13 12 11 -2 -2 -2 7  6  -2 5  4  3  3  3  3  3  
14 13 12 11 10 9  -2 -2 -2 -2 4  3  2  2  2  2  2  
14 13 12 11 10 9  8  7  6  -2 4  3  2  1  1  1  2  
14 13 12 11 10 9  8  7  6  -2 -2 3  2  1  -1 1  2  
14 13 12 11 10 9  8  7  6  5  4  3  2  1  1  1  2  
14 13 12 11 10 9  8  7  6  5  4  3  2  2  2  2  2  

p1
18 17 16 16 15 15 14 13 13 13 12 12 12 12 12 12 12 
17 17 16 15 14 14 13 13 12 12 11 11 11 11 11 11 11 
17 16 15 14 14 13 12 12 11 11 10 10 10 10 10 10 10 
16 15 15 14 13 12 12 11 10 10 9  9  9  9  9  9  9  
16 15 14 13 12 12 11 10 10 9  8  8  8  8  8  8  8  
15 14 13 13 12 11 10 9  9  8  8  7  7  7  7  7  7  
15 14 13 12 11 10 10 9  8  7  7  6  6  6  6  6  6  
14 13 13 12 -2 10 9  8  7  7  6  5  5  5  5  5  5  
14 13 -2 -2 -2 -2 -2 8  7  6  5  5  4  4  4  4  4  
14 13 12 11 -2 -2 -2 7  6  -2 5  4  3  3  3  3  3  
14 13 12 11 10 9  -2 -2 -2 -2 4  3  2  2  2  2  2  
14 13 12 11 10 9  8  7  6  -2 4  3  2  1  1  1  2  
14 13 12 11 10 9  8  7  6  -2 -2 -2 -2 -2 -1 1  2  
14 13 12 11 10 9  8  7  6  5  4  3  -2 1  1  1  2  
14 13 12 11 10 9  8  7  6  5  4  3  2  2  2  2  2  

p1
18 17 16 16 15 15 14 13 13 13 12 12 12 12 12 12 12 
17 17 16 15 14 14 13 13 12 12 11 11 11 11 11 11 11 
17 16 15 14 14 13 12 12 11 11 10 10 10 10 10 10 10 
16 15 15 14 13 12 12 11 10 10 9  9  9  9  9  9  9  
16 15 14 13 12 12 11 10 10 9  8  8  8  8  8  8  8  
15 14 13 13 12 11 10 9  9  8  8  7  7  7  7  7  7  
15 14 13 12 11 10 10 9  8  7  7  6  6  6  6  6  6  
14 13 13 12 -2 10 9  8  7  7  6  5  5  5  5  5  5  
14 13 -2 -2 -2 -2 -2 8  7  6  5  5  4  4  4  4  4  
14 13 12 11 -2 -2 -2 7  6  -2 5  4  3  3  3  3  3  
14 13 12 11 10 9  -2 -2 -2 -2 4  3  2  2  2  2  2  
14 13 12 11 10 9  8  7  6  -2 4  3  2  1  1  1  2  
14 13 12 11 10 9  8  7  6  -2 -2 -2 -2 -2 -1 1  2  
14 13 12 11 10 9  8  7  6  5  4  3  -2 -2 1  1  2  
14 13 12 11 10 9  8  7  6  5  4  3  2  2  2  2  2  

p1
18 17 16 16 15 15 14 13 13 13 12 12 12 12 12 12 12 
17 17 16 15 14 14 13 13 12 12 11 11 11 11 11 11 11 
17 16 15 14 14 13 12 12 11 11 10 10 10 10 10 10 10 
16 15 15 14 13 12 12 11 10 10 9  9  9  9  9  9  9  
16 15 14 13 12 12 11 10 10 9  8  8  8  8  8  8  8  
15 14 13 13 12 11 10 9  9  8  8  7  7  7  7  7  7  
15 14 13 12 11 10 10 9  8  7  7  6  6  6  6  6  6  
14 13 13 12 -2 10 9  8  7  7  6  5  5  5  5  5  5  
14 13 -2 -2 -2 -2 -2 8  7  6  5  5  4  4  4  4  4  
14 13 12 11 -2 -2 -2 7  6  -2 5  4  3  3  3  3  3  
14 13 12 11 10 9  -2 -2 -2 -2 4  3  2  2  2  2  2  
14 13 12 11 10 9  8  7  6  -2 4  3  2  1  1  1  2  
14 13 12 11 10 9  8  7  6  -2 -2 -2 -2 -2 -1 1  2  
14 13 12 11 10 9  8  7  6  5  4  3  -2 -2 -2 1  2  
14 13 12 11 10 9  8  7  6  5  4  3  2  2  2  2  2  

p1
18 17 16 16 15 15 14 13 13 13 12 12 12 12 12 12 12 
17 17 16 15 14 14 13 13 12 12 11 11 11 11 11 11 11 
17 16 15 14 14 13 12 12 11 11 10 10 10 10 10 10 10 
16 15 15 14 13 12 12 11 10 10 9  9  9  9  9  9  9  
16 15 14 13 12 12 11 10 10 9  8  8  8  8  8  8  8  
15 14 13 13 12 11 10 9  9  8  8  7  7  7  7  7  7  
15 14 13 12 11 10 10 9  8  7  7  6  6  6  6  6  6  
14 13 13 12 -2 10 9  8  7  7  6  5  5  5  5  5  5  
14 13 -2 -2 -2 -2 -2 8  7  6  5  5  4  4  4  4  4  
14 13 12 11 -2 -2 -2 7  6  -2 5  4  3  3  3  3  3  
14 13 12 11 10 9  -2 -2 -2 -2 4  3  2  2  2  2  2  
14 13 12 11 10 9  8  7  6  -2 4  3  2  1  1  1  2  
14 13 12 11 10 9  8  7  6  -2 -2 -2 -2 -2 -1 1  2  
14 13 12 11 10 9  8  7  6  5  4  3  -2 -2 -2 -2 -2 
14 13 12 11 10 9  8  7  6  5  4  3  2  2  2  2  2  

p1
18 17 16 16 15 15 14 13 13 13 12 12 12 12 12 12 12 
17 17 16 15 14 14 13 13 12 12 11 11 11 11 11 11 11 
17 16 15 14 14 13 12 12 11 11 10 10 10 10 10 10 10 
16 15 15 14 13 12 12 11 10 10 9  9  9  9  9  9  9  
16 15 14 13 12 12 11 10 10 9  8  8  8  8  8  8  8  
15 14 13 13 12 11 10 9  9  8  8  7  7  7  7  7  7  
15 14 13 12 11 10 10 9  8  7  7  6  6  6  6  6  6  
14 13 13 12 -2 10 9  8  7  7  6  5  5  5  5  5  5  
14 13 -2 -2 -2 -2 -2 8  7  6  5  5  4  4  4  4  4  
14 13 12 11 -2 -2 -2 7  6  -2 5  4  3  3  3  3  3  
14 13 12 11 10 9  -2 -2 -2 -2 4  3  2  2  2  2  2  
14 13 12 11 10 9  8  7  6  -2 4  3  2  1  1  1  2  
14 13 12 11 10 9  8  7  6  -2 -2 -2 -2 -2 -1 1  2  
14 13 12 11 10 9  8  7  6  5  4  -2 -2 -2 -2 -2 -2 
14 13 12 11 10 9  8  7  6  5  4  3  2  2  2  2  2  

p1
18 17 16 16 15 15 14 13 13 13 12 12 12 12 12 12 12 
17 17 16 15 14 14 13 13 12 12 11 11 11 11 11 11 11 
17 16 15 14 14 13 12 12 11 11 10 10 10 10 10 10 10 
16 15 15 14 13 12 12 11 10 10 9  9  9  9  9  9  9  
16 15 14 13 12 12 11 10 10 9  8  8  8  8  8  8  8  
15 14 13 13 12 11 10 9  9  8  8  7  7  7  7  7  7  
15 14 13 12 11 10 10 9  8  7  7  6  6  6  6  6  6  
14 13 13 12 -2 10 9  8  7  7  6  5  5  5  5  5  5  
14 13 -2 -2 -2 -2 -2 8  7  6  5  5  4  4  4  4  4  
14 13 12 11 -2 -2 -2 7  6  -2 5  4  3  3  3  3  3  
14 13 12 11 10 9  -2 -2 -2 -2 4  3  2  2  2  2  2  
14 13 12 11 10 9  8  7  6  -2 4  3  2  1  1  1  2  
14 13 12 11 10 9  8  7  6  -2 -2 -2 -2 -2 -1 1  2  
14 13 12 11 10 9  8  7  6  5  -2 -2 -2 -2 -2 -2 -2 
14 13 12 11 10 9  8  7  6  5  4  3  2  2  2  2  2  

p1
18 17 16 16 15 15 14 13 13 13 12 12 12 12 12 12 12 
17 17 16 15 14 14 13 13 12 12 11 11 11 11 11 11 11 
17 16 15 14 14 13 12 12 11 11 10 10 10 10 10 10 10 
16 15 15 14 13 12 12 11 10 10 9  9  9  9  9  9  9  
16 15 14 13 12 12 11 10 10 9  8  8  8  8  8  8  8  
15 14 13 13 12 11 10 9  9  8  8  7  7  7  7  7  7  
15 14 13 12 11 10 10 9  8  7  7  6  6  6  6  6  6  
14 13 13 12 -2 10 9  8  7  7  6  5  5  5  5  5  5  
14 13 -2 -2 -2 -2 -2 8  7  6  5  5  4  4  4  4  4  
14 13 12 11 -2 -2 -2 7  6  -2 5  4  3  3  3  3  3  
14 13 12 11 10 9  -2 -2 -2 -2 4  3  2  2  2  2  2  
14 13 12 11 10 9  8  7  6  -2 4  3  2  1  1  1  2  
14 13 12 11 10 9  8  7  6  -2 -2 -2 -2 -2 -1 1  2  
14 13 12 11 10 9  8  7  -2 -2 -2 -2 -2 -2 -2 -2 -2 
14 13 12 11 10 9  8  7  6  -2 4  3  2  2  2  2  2  

p1
18 17 16 16 15 15 14 13 13 13 12 12 12 12 12 12 12 
17 17 16 15 14 14 13 13 12 12 11 11 11 11 11 11 11 
17 16 15 14 14 13 12 12 11 11 10 10 10 10 10 10 10 
16 15 15 14 13 12 12 11 10 10 9  9  9  9  9  9  9  
16 15 14 13 12 12 11 10 10 9  8  8  8  8  8  8  8  
15 14 13 13 12 11 10 9  9  8  8  7  7  7  7  7  7  
15 14 13 12 11 10 10 9  8  7  7  6  6  6  6  6  6  
14 13 13 12 -2 10 9  8  7  7  6  5  5  5  5  5  5  
14 13 -2 -2 -2 -2 -2 8  7  6  5  5  4  4  4  4  4  
14 13 12 11 -2 -2 -2 7  6  -2 5  4  3  3  3  3  3  
14 13 12 11 10 9  -2 -2 -2 -2 4  3  2  2  2  2  2  
14 13 12 11 10 9  8  7  6  -2 4  3  2  1  1  1  2  
14 13 12 11 10 9  8  7  6  -2 -2 -2 -2 -2 -1 1  2  
14 13 12 11 10 9  8  7  -2 -2 -2 -2 -2 -2 -2 -2 -2 
14 13 12 11 10 9  8  7  6  -2 -2 3  2  2  2  2  2  

p1
18 17 16 16 15 15 14 13 13 13 12 12 12 12 12 12 12 
17 17 16 15 14 14 13 13 12 12 11 11 11 11 11 11 11 
17 16 15 14 14 13 12 12 11 11 10 10 10 10 10 10 10 
16 15 15 14 13 12 12 11 10 10 9  9  9  9  9  9  9  
16 15 14 13 12 12 11 10 10 9  8  8  8  8  8  8  8  
15 14 13 13 12 11 10 9  9  8  8  7  7  7  7  7  7  
15 14 13 12 11 10 10 9  8  7  7  6  6  6  6  6  6  
14 13 13 12 -2 10 9  8  7  7  6  5  5  5  5  5  5  
14 13 -2 -2 -2 -2 -2 8  7  6  5  5  4  4  4  4  4  
14 13 12 11 -2 -2 -2 7  6  -2 5  4  3  3  3  3  3  
14 13 12 11 10 9  -2 -2 -2 -2 4  3  2  2  2  2  2  
14 13 12 11 10 9  8  7  6  -2 4  3  2  1  1  1  2  
14 13 12 11 10 9  8  7  6  -2 -2 -2 -2 -2 -1 1  2  
14 13 12 11 10 9  8  7  -2 -2 -2 -2 -2 -2 -2 -2 -2 
14 13 12 11 10 9  8  7  6  -2 -2 -2 2  2  2  2  2  

p1
18 17 16 16 15 15 14 13 13 13 12 12 12 12 12 12 12 
17 17 16 15 14 14 13 13 12 12 11 11 11 11 11 11 11 
17 16 15 14 14 13 12 12 11 11 10 10 10 10 10 10 10 
16 15 15 14 13 12 12 11 10 10 9  9  9  9  9  9  9  
16 15 14 13 12 12 11 10 10 9  8  8  8  8  8  8  8  
15 14 13 13 12 11 10 9  9  8  8  7  7  7  7  7  7  
15 14 13 12 11 10 10 9  8  7  7  6  6  6  6  6  6  
14 13 13 12 -2 10 9  8  7  7  6  5  5  5  5  5  5  
14 13 -2 -2 -2 -2 -2 8  7  6  5  5  4  4  4  4  4  
14 13 12 11 -2 -2 -2 7  6  -2 5  4  3  3  3  3  3  
14 13 12 11 10 9  -2 -2 -2 -2 4  3  2  2  2  2  2  
14 13 12 11 10 9  8  7  6  -2 4  3  2  1  1  1  2  
14 13 12 11 10 9  8  7  6  -2 -2 -2 -2 -2 -1 1  -2 
14 13 12 11 10 9  8  7  -2 -2 -2 -2 -2 -2 -2 -2 -2 
14 13 12 11 10 9  8  7  6  -2 -2 -2 2  2  2  2  2  

p1
18 17 16 16 15 15 14 13 13 13 12 12 12 12 12 12 12 
17 17 16 15 14 14 13 13 12 12 11 11 11 11 11 11 11 
17 16 15 14 14 13 12 12 11 11 10 10 10 10 10 10 10 
16 15 15 14 13 12 12 11 10 10 9  9  9  9  9  9  9  
16 15 14 13 12 12 11 10 10 9  8  8  8  8  8  8  8  
15 14 13 13 12 11 10 9  9  8  8  7  7  7  7  7  7  
15 14 13 12 11 10 10 9  8  7  7  6  6  6  6  6  6  
14 13 13 12 -2 10 9  8  7  7  6  5  5  5  5  5  5  
14 13 -2 -2 -2 -2 -2 8  7  6  5  5  4  4  4  4  4  
14 13 12 11 -2 -2 -2 7  6  -2 5  4  3  3  3  3  3  
14 13 12 11 10 9  -2 -2 -2 -2 4  3  2  2  2  2  2  
14 13 12 11 10 9  8  7  6  -2 4  3  2  1  1  1  2  
14 13 12 11 10 9  8  7  6  -2 -2 -2 -2 -2 -1 1  -2 
14 13 12 11 10 9  8  -2 -2 -2 -2 -2 -2 -2 -2 -2 -2 
14 13 12 11 10 9  8  -2 -2 -2 -2 -2 2  2  2  2  2  

p1
18 17 16 16 15 15 14 13 13 13 12 12 12 12 12 12 12 
17 17 16 15 14 14 13 13 12 12 11 11 11 11 11 11 11 
17 16 15 14 14 13 12 12 11 11 10 10 10 10 10 10 10 
16 15 15 14 13 12 12 11 10 10 9  9  9  9  9  9  9  
16 15 14 13 12 12 11 10 10 9  8  8  8  8  8  8  8  
15 14 13 13 12 11 10 9  9  8  8  7  7  7  7  7  7  
15 14 13 12 11 10 10 9  8  7  7  6  6  6  6  6  6  
14 13 13 12 -2 10 9  8  7  7  6  5  5  5  5  5  5  
14 13 -2 -2 -2 -2 -2 8  7  6  5  5  4  4  4  4  4  
14 13 12 11 -2 -2 -2 7  6  -2 5  4  3  3  3  3  3  
14 13 12 11 10 9  -2 -2 -2 -2 4  3  2  2  2  2  2  
14 13 12 11 10 9  8  7  6  -2 4  3  2  1  1  1  2  
14 13 12 11 10 9  8  7  6  -2 -2 -2 -2 -2 -1 1  -2 
14 13 12 11 10 9  8  -2 -2 -2 -2 -2 -2 -2 -2 -2 -2 
14 13 12 11 10 9  8  -2 -2 -2 -2 -2 -2 2  2  2  2  

p1
18 17 16 16 15 15 14 13 13 13 12 12 12 12 12 12 12 
17 17 16 15 14 14 13 13 12 12 11 11 11 11 11 11 11 
17 16 15 14 14 13 12 12 11 11 10 10 10 10 10 10 10 
16 15 15 14 13 12 12 11 10 10 9  9  9  9  9  9  9  
16 15 14 13 12 12 11 10 10 9  8  8  8  8  8  8  8  
15 14 13 13 12 11 10 9  9  8  8  7  7  7  7  7  7  
15 14 13 12 11 10 10 9  8  7  7  6  6  6  6  6  6  
14 13 13 12 -2 10 9  8  7  7  6  5  5  5  5  5  5  
14 13 -2 -2 -2 -2 -2 8  7  6  5  5  4  4  4  4  4  
14 13 12 11 -2 -2 -2 7  6  -2 5  4  3  3  3  3  3  
14 13 12 11 10 9  -2 -2 -2 -2 4  3  2  2  2  2  2  
14 13 12 11 10 9  8  7  6  -2 4  3  2  1  1  1  2  
14 13 12 11 10 9  8  7  6  -2 -2 -2 -2 -2 -1 1  -2 
14 13 12 11 10 9  8  -2 -2 -2 -2 -2 -2 -2 -2 -2 -2 
14 13 12 11 10 9  8  -2 -2 -2 -2 -2 -2 2  2  -2 -2 

p1
18 17 16 16 15 15 14 13 13 13 12 12 12 12 12 12 12 
17 17 16 15 14 14 13 13 12 12 11 11 11 11 11 11 11 
17 16 15 14 14 13 12 12 11 11 10 10 10 10 10 10 10 
16 15 15 14 13 12 12 11 10 10 9  9  9  9  9  9  9  
16 15 14 13 12 12 11 10 10 9  8  8  8  8  8  8  8  
15 14 13 13 12 11 10 9  9  8  8  7  7  7  7  7  7  
15 14 13 12 11 10 10 9  8  7  7  6  6  6  6  6  6  
14 13 13 12 -2 10 9  8  7  7  6  5  5  5  5  5  5  
14 13 -2 -2 -2 -2 -2 8  7  6  5  5  4  4  4  4  4  
14 13 12 11 -2 -2 -2 7  6  -2 5  4  3  3  3  3  3  
14 13 12 11 10 9  -2 -2 -2 -2 4  3  2  2  2  2  2  
14 13 12 11 10 9  8  7  6  -2 4  3  2  1  1  1  2  
14 13 12 11 10 9  8  7  6  -2 -2 -2 -2 -2 -1 -2 -2 
14 13 12 11 10 9  8  -2 -2 -2 -2 -2 -2 -2 -2 -2 -2 
14 13 12 11 10 9  8  -2 -2 -2 -2 -2 -2 2  2  -2 -2 

p1
18 17 16 16 15 15 14 13 13 13 12 12 12 12 12 12 12 
17 17 16 15 14 14 13 13 12 12 11 11 11 11 11 11 11 
17 16 15 14 14 13 12 12 11 11 10 10 10 10 10 10 10 
16 15 15 14 13 12 12 11 10 10 9  9  9  9  9  9  9  
16 15 14 13 12 12 11 10 10 9  8  8  8  8  8  8  8  
15 14 13 13 12 11 10 9  9  8  8  7  7  7  7  7  7  
15 14 13 12 11 10 10 9  8  7  7  6  6  6  6  6  6  
14 13 13 12 -2 10 9  8  7  7  6  5  5  5  5  5  5  
14 13 -2 -2 -2 -2 -2 8  7  6  5  5  4  4  4  4  4  
14 13 12 11 -2 -2 -2 7  6  -2 5  4  3  3  3  3  3  
14 13 12 11 10 9  -2 -2 -2 -2 4  3  2  2  2  2  2  
14 13 12 11 10 9  8  7  6  -2 4  3  2  1  1  1  2  
14 13 12 11 10 9  -2 -2 6  -2 -2 -2 -2 -2 -1 -2 -2 
14 13 12 11 10 -2 -2 -2 -2 -2 -2 -2 -2 -2 -2 -2 -2 
14 13 12 11 10 9  8  -2 -2 -2 -2 -2 -2 2  2  -2 -2 

p1
18 17 16 16 15 15 14 13 13 13 12 12 12 12 12 12 12 
17 17 16 15 14 14 13 13 12 12 11 11 11 11 11 11 11 
17 16 15 14 14 13 12 12 11 11 10 10 10 10 10 10 10 
16 15 15 14 13 12 12 11 10 10 9  9  9  9  9  9  9  
16 15 14 13 12 12 11 10 10 9  8  8  8  8  8  8  8  
15 14 13 13 12 11 10 9  9  8  8  7  7  7  7  7  7  
15 14 13 12 11 10 10 9  8  7  7  6  6  6  6  6  6  
14 13 13 12 -2 10 9  8  7  7  6  5  5  5  5  5  5  
14 13 -2 -2 -2 -2 -2 8  7  6  5  5  4  4  4  4  4  
14 13 12 11 -2 -2 -2 7  6  -2 5  4  3  3  3  3  3  
14 13 12 11 10 9  -2 -2 -2 -2 4  3  2  2  2  2  2  
14 13 12 11 10 9  8  7  6  -2 4  3  2  1  1  1  2  
14 13 12 11 10 9  -2 -2 6  -2 -2 -2 -2 -2 -1 -2 -2 
14 13 12 11 10 -2 -2 -2 -2 -2 -2 -2 -2 -2 -2 -2 -2 
14 13 12 11 10 9  8  -2 -2 -2 -2 -2 -2 2  -2 -2 -2 

p1
18 17 16 16 15 15 14 13 13 13 12 12 12 12 12 12 12 
17 17 16 15 14 14 13 13 12 12 11 11 11 11 11 11 11 
17 16 15 14 14 13 12 12 11 11 10 10 10 10 10 10 10 
16 15 15 14 13 12 12 11 10 10 9  9  9  9  9  9  9  
16 15 14 13 12 12 11 10 10 9  8  8  8  8  8  8  8  
15 14 13 13 12 11 10 9  9  8  8  7  7  7  7  7  7  
15 14 13 12 11 10 10 9  8  7  7  6  6  6  6  6  6  
14 13 13 12 -2 10 9  8  7  7  6  5  5  5  5  5  5  
14 13 -2 -2 -2 -2 -2 8  7  6  5  5  4  4  4  4  4  
14 13 12 11 -2 -2 -2 7  6  -2 5  4  3  3  3  3  3  
14 13 12 11 10 9  -2 -2 -2 -2 4  3  2  2  2  2  2  
14 13 12 11 10 9  8  7  6  -2 4  3  2  1  1  1  2  
14 13 12 11 10 9  -2 -2 6  -2 -2 -2 -2 -2 -1 -2 -2 
14 13 12 11 10 -2 -2 -2 -2 -2 -2 -2 -2 -2 -2 -2 -2 
14 13 12 11 10 9  8  -2 -2 -2 -2 -2 -2 -2 -2 -2 -2 

p1
18 17 16 16 15 15 14 13 13 13 12 12 12 12 12 12 12 
17 17 16 15 14 14 13 13 12 12 11 11 11 11 11 11 11 
17 16 15 14 14 13 12 12 11 11 10 10 10 10 10 10 10 
16 15 15 14 13 12 12 11 10 10 9  9  9  9  9  9  9  
16 15 14 13 12 12 11 10 10 9  8  8  8  8  8  8  8  
15 14 13 13 12 11 10 9  9  8  8  7  7  7  7  7  7  
15 14 13 12 11 10 10 9  8  7  7  6  6  6  6  6  6  
14 13 13 12 -2 10 9  8  7  7  6  5  5  5  5  5  5  
14 13 -2 -2 -2 -2 -2 8  7  6  5  5  4  4  4  4  4  
14 13 12 11 -2 -2 -2 7  6  -2 5  4  3  3  3  3  3  
14 13 12 11 10 9  -2 -2 -2 -2 4  3  2  2  2  2  2  
14 13 12 11 10 9  8  7  6  -2 4  3  2  1  1  1  2  
14 13 12 11 -2 -2 -2 -2 6  -2 -2 -2 -2 -2 -1 -2 -2 
14 13 12 11 -2 -2 -2 -2 -2 -2 -2 -2 -2 -2 -2 -2 -2 
14 13 12 11 10 9  8  -2 -2 -2 -2 -2 -2 -2 -2 -2 -2 

p1
18 17 16 16 15 15 14 13 13 13 12 12 12 12 12 12 12 
17 17 16 15 14 14 13 13 12 12 11 11 11 11 11 11 11 
17 16 15 14 14 13 12 12 11 11 10 10 10 10 10 10 10 
16 15 15 14 13 12 12 11 10 10 9  9  9  9  9  9  9  
16 15 14 13 12 12 11 10 10 9  8  8  8  8  8  8  8  
15 14 13 13 12 11 10 9  9  8  8  7  7  7  7  7  7  
15 14 13 12 11 10 10 9  8  7  7  6  6  6  6  6  6  
14 13 13 12 -2 10 9  8  7  7  6  5  5  5  5  5  5  
14 13 -2 -2 -2 -2 -2 8  7  6  5  5  4  4  4  4  4  
14 13 12 11 -2 -2 -2 7  6  -2 5  4  3  3  3  3  3  
14 13 12 11 10 9  -2 -2 -2 -2 4  3  2  2  2  2  2  
14 13 12 11 10 9  8  7  6  -2 4  3  2  1  1  1  2  
14 13 12 11 -2 -2 -2 -2 -2 -2 -2 -2 -2 -2 -1 -2 -2 
14 13 12 11 -2 -2 -2 -2 -2 -2 -2 -2 -2 -2 -2 -2 -2 
14 13 12 11 10 9  8  -2 -2 -2 -2 -2 -2 -2 -2 -2 -2 

p1
18 17 16 16 15 15 14 13 13 13 12 12 12 12 12 12 12 
17 17 16 15 14 14 13 13 12 12 11 11 11 11 11 11 11 
17 16 15 14 14 13 12 12 11 11 10 10 10 10 10 10 10 
16 15 15 14 13 12 12 11 10 10 9  9  9  9  9  9  9  
16 15 14 13 12 12 11 10 10 9  8  8  8  8  8  8  8  
15 14 13 13 12 11 10 9  9  8  8  7  7  7  7  7  7  
15 14 13 12 11 10 10 9  8  7  7  6  6  6  6  6  6  
14 13 13 12 -2 10 9  8  7  7  6  5  5  5  5  5  5  
14 13 -2 -2 -2 -2 -2 8  7  6  5  5  4  4  4  4  4  
14 13 12 11 -2 -2 -2 7  6  -2 5  4  3  3  3  3  3  
14 13 12 11 10 9  -2 -2 -2 -2 4  3  2  2  2  2  2  
14 13 12 11 10 9  8  7  6  -2 4  3  2  1  1  1  2  
14 13 12 11 -2 -2 -2 -2 -2 -2 -2 -2 -2 -2 -1 -2 -2 
14 13 12 11 -2 -2 -2 -2 -2 -2 -2 -2 -2 -2 -2 -2 -2 
14 13 12 11 10 9  -2 -2 -2 -2 -2 -2 -2 -2 -2 -2 -2 

p1
18 17 16 16 15 15 14 13 13 13 12 12 12 12 12 12 12 
17 17 16 15 14 14 13 13 12 12 11 11 11 11 11 11 11 
17 16 15 14 14 13 12 12 11 11 10 10 10 10 10 10 10 
16 15 15 14 13 12 12 11 10 10 9  9  9  9  9  9  9  
16 15 14 13 12 12 11 10 10 9  8  8  8  8  8  8  8  
15 14 13 13 12 11 10 9  9  8  8  7  7  7  7  7  7  
15 14 13 12 11 10 10 9  8  7  7  6  6  6  6  6  6  
14 13 13 12 -2 10 9  8  7  7  6  5  5  5  5  5  5  
14 13 -2 -2 -2 -2 -2 8  7  6  5  5  4  4  4  4  4  
14 13 12 11 -2 -2 -2 7  6  -2 5  4  3  3  3  3  3  
14 13 12 11 10 9  -2 -2 -2 -2 4  3  2  2  2  2  2  
14 13 12 11 10 9  8  7  6  -2 4  3  2  1  1  1  2  
14 13 12 11 -2 -2 -2 -2 -2 -2 -2 -2 -2 -2 -1 -2 -2 
14 13 12 11 -2 -2 -2 -2 -2 -2 -2 -2 -2 -2 -2 -2 -2 
14 13 12 11 10 -2 -2 -2 -2 -2 -2 -2 -2 -2 -2 -2 -2 

p1
18 17 16 16 15 15 14 13 13 13 12 12 12 12 12 12 12 
17 17 16 15 14 14 13 13 12 12 11 11 11 11 11 11 11 
17 16 15 14 14 13 12 12 11 11 10 10 10 10 10 10 10 
16 15 15 14 13 12 12 11 10 10 9  9  9  9  9  9  9  
16 15 14 13 12 12 11 10 10 9  8  8  8  8  8  8  8  
15 14 13 13 12 11 10 9  9  8  8  7  7  7  7  7  7  
15 14 13 12 11 10 10 9  8  7  7  6  6  6  6  6  6  
14 13 13 12 -2 10 9  8  7  7  6  5  5  5  5  5  5  
14 13 -2 -2 -2 -2 -2 8  7  6  5  5  4  4  4  4  4  
14 13 12 11 -2 -2 -2 7  6  -2 5  4  3  3  3  3  3  
14 13 12 11 10 9  -2 -2 -2 -2 4  3  2  2  2  2  2  
14 13 12 11 10 9  8  7  6  -2 4  3  2  1  1  1  2  
14 13 -2 -2 -2 -2 -2 -2 -2 -2 -2 -2 -2 -2 -1 -2 -2 
14 13 12 -2 -2 -2 -2 -2 -2 -2 -2 -2 -2 -2 -2 -2 -2 
14 13 12 11 10 -2 -2 -2 -2 -2 -2 -2 -2 -2 -2 -2 -2 

p1
18 17 16 16 15 15 14 13 13 13 12 12 12 12 12 12 12 
17 17 16 15 14 14 13 13 12 12 11 11 11 11 11 11 11 
17 16 15 14 14 13 12 12 11 11 10 10 10 10 10 10 10 
16 15 15 14 13 12 12 11 10 10 9  9  9  9  9  9  9  
16 15 14 13 12 12 11 10 10 9  8  8  8  8  8  8  8  
15 14 13 13 12 11 10 9  9  8  8  7  7  7  7  7  7  
15 14 13 12 11 10 10 9  8  7  7  6  6  6  6  6  6  
14 13 13 12 -2 10 9  8  7  7  6  5  5  5  5  5  5  
14 13 -2 -2 -2 -2 -2 8  7  6  5  5  4  4  4  4  4  
14 13 12 11 -2 -2 -2 7  6  -2 5  4  3  3  3  3  3  
14 13 12 11 10 9  -2 -2 -2 -2 4  3  2  2  2  2  2  
14 13 12 11 10 9  8  7  6  -2 4  3  2  1  1  1  2  
14 13 -2 -2 -2 -2 -2 -2 -2 -2 -2 -2 -2 -2 -1 -2 -2 
14 13 12 -2 -2 -2 -2 -2 -2 -2 -2 -2 -2 -2 -2 -2 -2 
14 13 12 -2 -2 -2 -2 -2 -2 -2 -2 -2 -2 -2 -2 -2 -2 

p1
18 17 16 16 15 15 14 13 13 13 12 12 12 12 12 12 12 
17 17 16 15 14 14 13 13 12 12 11 11 11 11 11 11 11 
17 16 15 14 14 13 12 12 11 11 10 10 10 10 10 10 10 
16 15 15 14 13 12 12 11 10 10 9  9  9  9  9  9  9  
16 15 14 13 12 12 11 10 10 9  8  8  8  8  8  8  8  
15 14 13 13 12 11 10 9  9  8  8  7  7  7  7  7  7  
15 14 13 12 11 10 10 9  8  7  7  6  6  6  6  6  6  
14 13 13 12 -2 10 9  8  7  7  6  5  5  5  5  5  5  
14 13 -2 -2 -2 -2 -2 8  7  6  5  5  4  4  4  4  4  
14 13 12 11 -2 -2 -2 7  6  -2 5  4  3  3  3  3  3  
14 13 12 11 10 9  -2 -2 -2 -2 4  3  2  2  2  2  2  
14 13 12 11 10 9  8  7  6  -2 4  3  2  1  1  1  2  
14 13 -2 -2 -2 -2 -2 -2 -2 -2 -2 -2 -2 -2 -1 -2 -2 
14 13 12 -2 -2 -2 -2 -2 -2 -2 -2 -2 -2 -2 -2 -2 -2 
14 13 -2 -2 -2 -2 -2 -2 -2 -2 -2 -2 -2 -2 -2 -2 -2 

p1
18 17 16 16 15 15 14 13 13 13 12 12 12 12 12 12 12 
17 17 16 15 14 14 13 13 12 12 11 11 11 11 11 11 11 
17 16 15 14 14 13 12 12 11 11 10 10 10 10 10 10 10 
16 15 15 14 13 12 12 11 10 10 9  9  9  9  9  9  9  
16 15 14 13 12 12 11 10 10 9  8  8  8  8  8  8  8  
15 14 13 13 12 11 10 9  9  8  8  7  7  7  7  7  7  
15 14 13 12 11 10 10 9  8  7  7  6  6  6  6  6  6  
14 13 13 12 -2 10 9  8  7  7  6  5  5  5  5  5  5  
14 13 -2 -2 -2 -2 -2 8  7  6  5  5  4  4  4  4  4  
14 13 12 11 -2 -2 -2 7  6  -2 5  4  3  3  3  3  3  
14 13 12 11 10 9  -2 -2 -2 -2 4  3  2  2  2  2  2  
14 13 12 11 10 9  8  7  6  -2 4  3  2  1  1  1  2  
14 13 -2 -2 -2 -2 -2 -2 -2 -2 -2 -2 -2 -2 -1 -2 -2 
14 13 -2 -2 -2 -2 -2 -2 -2 -2 -2 -2 -2 -2 -2 -2 -2 
14 13 -2 -2 -2 -2 -2 -2 -2 -2 -2 -2 -2 -2 -2 -2 -2 

p1
18 17 16 16 15 15 14 13 13 13 12 12 12 12 12 12 12 
17 17 16 15 14 14 13 13 12 12 11 11 11 11 11 11 11 
17 16 15 14 14 13 12 12 11 11 10 10 10 10 10 10 10 
16 15 15 14 13 12 12 11 10 10 9  9  9  9  9  9  9  
16 15 14 13 12 12 11 10 10 9  8  8  8  8  8  8  8  
15 14 13 13 12 11 10 9  9  8  8  7  7  7  7  7  7  
15 14 13 12 11 10 10 9  8  7  7  6  6  6  6  6  6  
14 13 13 12 -2 10 9  8  7  7  6  5  5  5  5  5  5  
14 13 -2 -2 -2 -2 -2 8  7  6  5  5  4  4  4  4  4  
14 13 12 11 -2 -2 -2 7  6  -2 5  4  3  3  3  3  3  
14 13 12 11 10 9  -2 -2 -2 -2 4  3  2  2  2  2  2  
14 13 12 11 10 9  8  7  6  -2 4  3  2  1  1  1  2  
14 13 -2 -2 -2 -2 -2 -2 -2 -2 -2 -2 -2 -2 -1 -2 -2 
14 -2 -2 -2 -2 -2 -2 -2 -2 -2 -2 -2 -2 -2 -2 -2 -2 
14 13 -2 -2 -2 -2 -2 -2 -2 -2 -2 -2 -2 -2 -2 -2 -2 

p1
18 17 16 16 15 15 14 13 13 13 12 12 12 12 12 12 12 
17 17 16 15 14 14 13 13 12 12 11 11 11 11 11 11 11 
17 16 15 14 14 13 12 12 11 11 10 10 10 10 10 10 10 
16 15 15 14 13 12 12 11 10 10 9  9  9  9  9  9  9  
16 15 14 13 12 12 11 10 10 9  8  8  8  8  8  8  8  
15 14 13 13 12 11 10 9  9  8  8  7  7  7  7  7  7  
15 14 13 12 11 10 10 9  8  7  7  6  6  6  6  6  6  
14 13 13 12 -2 10 9  8  7  7  6  5  5  5  5  5  5  
14 13 -2 -2 -2 -2 -2 8  7  6  5  5  4  4  4  4  4  
14 13 12 11 -2 -2 -2 7  6  -2 5  4  3  3  3  3  3  
14 13 12 11 10 9  -2 -2 -2 -2 4  3  2  2  2  2  2  
14 13 12 11 10 9  8  7  6  -2 4  3  2  1  1  1  2  
14 13 -2 -2 -2 -2 -2 -2 -2 -2 -2 -2 -2 -2 -1 -2 -2 
14 -2 -2 -2 -2 -2 -2 -2 -2 -2 -2 -2 -2 -2 -2 -2 -2 
14 -2 -2 -2 -2 -2 -2 -2 -2 -2 -2 -2 -2 -2 -2 -2 -2 

p1
18 17 16 16 15 15 14 13 13 13 12 12 12 12 12 12 12 
17 17 16 15 14 14 13 13 12 12 11 11 11 11 11 11 11 
17 16 15 14 14 13 12 12 11 11 10 10 10 10 10 10 10 
16 15 15 14 13 12 12 11 10 10 9  9  9  9  9  9  9  
16 15 14 13 12 12 11 10 10 9  8  8  8  8  8  8  8  
15 14 13 13 12 11 10 9  9  8  8  7  7  7  7  7  7  
15 14 13 12 11 10 10 9  8  7  7  6  6  6  6  6  6  
14 13 13 12 -2 10 9  8  7  7  6  5  5  5  5  5  5  
14 13 -2 -2 -2 -2 -2 8  7  6  5  5  4  4  4  4  4  
14 13 12 11 -2 -2 -2 7  6  -2 5  4  3  3  3  3  3  
14 13 12 11 10 9  -2 -2 -2 -2 4  3  2  2  2  2  2  
14 13 12 11 10 9  8  7  6  -2 4  3  2  1  1  1  2  
14 -2 -2 -2 -2 -2 -2 -2 -2 -2 -2 -2 -2 -2 -1 -2 -2 
14 -2 -2 -2 -2 -2 -2 -2 -2 -2 -2 -2 -2 -2 -2 -2 -2 
14 -2 -2 -2 -2 -2 -2 -2 -2 -2 -2 -2 -2 -2 -2 -2 -2 

p1
